4001 0929 7203 1981
4001 0996 0372 5782
4001 0965 8846 3363
4001 0949 4457 2779
4001 0942 9728 5227
4001 0905 3747 1890
4001 0938 0905 9419
4001 0935 5009 8079
4001 0973 0263 9908
4001 0960 5908 3666
4001 0944 6609 4913
4001 0925 3722 4220
4001 0972 1111 9695
4001 0999 3315 7029
4001 0935 6938 9212
4001 0977 0845 3797
4001 0924 9016 5717
4001 0904 6271 2177
4001 0995 3674 1740
4001 0904 1185 4500
4001 0971 4687 6773
4001 0906 6396 3553
4001 0966 7559 7198
4001 0918 2885 3564
4001 0982 6235 9107
4001 0949 7314 2064
4001 0966 4390 3312
4001 0967 4169 1322
4001 0952 6544 2179
4001 0918 8130 8936
4001 0984 3638 5418
4001 0971 0667 5710
4001 0999 6371 0101
4001 0932 9255 9941
4001 0971 8363 5710
4001 0975 2332 7671
4001 0995 8265 1033
4001 0902 2910 5632
4001 0969 3191 3031
4001 0913 9186 1135
4001 0954 0984 4405
4001 0991 4076 5812
4001 0956 7058 7626
4001 0982 6421 7667
4001 0977 3304 6798
4001 0962 6708 7160
4001 0977 9061 9792
4001 0968 3038 4326
4001 0917 2759 2545
4001 0943 5088 4510
4001 0960 1026 6301
4001 0935 6465 2408
4001 0984 9237 7887
4001 0982 2114 8450
4001 0989 5050 1382
4001 0954 5794 1046
4001 0992 1901 4001
4001 0951 5601 0549
4001 0968 4144 4143
4001 0939 1687 6291
4001 0998 9671 7330
4001 0900 9814 2534
4001 0902 4188 0485
4001 0969 2751 0874
4001 0903 4506 2899
4001 0908 3993 5659
4001 0981 2682 0849
4001 0912 4452 4799
4001 0947 4647 5502
4001 0972 2570 7188
4001 0967 6465 0395
4001 0957 0515 2784
4001 0992 4149 7927
4001 0947 2604 6745
4001 0906 3042 1065
4001 0990 2882 2305
4001 0904 0378 2016
4001 0975 4985 5804
4001 0954 6142 5481
4001 0977 9328 5195
4001 0983 2687 1469
4001 0960 9003 0080
4001 0965 8986 0823
4001 0937 4438 8436
4001 0992 6004 3297
4001 0986 6534 2908
4001 0949 1548 1182
4001 0926 5168 9646
4001 0938 5188 9960
4001 0901 2159 5120
4001 0986 5206 2048
4001 0918 4596 8213
4001 0991 7279 9846
4001 0987 5763 2349
4001 0946 5200 5483
4001 0941 0144 1560
4001 0930 0456 4791
4001 0931 7553 9978
4001 0967 6575 9229
4001 0961 0015 5455
4001 0975 0348 6190
4001 0931 9666 7659
4001 0931 3682 9302
4001 0919 4932 7589
4001 0969 9645 2123
4001 0977 8797 7955
4001 0903 0086 9544
4001 0915 1255 8636
4001 0944 6658 2297
4001 0950 1745 9182
4001 0962 5662 1110
4001 0999 6292 4331
4001 0938 8623 9801
4001 0998 9014 3764
4001 0928 9246 1961
4001 0941 9446 9627
4001 0940 3512 3664
4001 0919 7488 8265
4001 0997 9519 1553
4001 0917 9371 4122
4001 0948 9555 4883
4001 0935 5051 5205
4001 0969 0351 6929
4001 0981 3686 5867
4001 0939 9065 2964
4001 0967 2358 2622
4001 0915 0953 5845
4001 0969 9412 7669
4001 0908 8603 0107
4001 0954 7397 1639
4001 0911 7706 5224
4001 0914 2651 5615
4001 0948 5010 2918
4001 0951 8067 5515
4001 0962 0337 0571
4001 0933 0496 6886
4001 0988 5269 5522
4001 0984 4106 9098
4001 0948 4105 0770
4001 0992 7361 3177
4001 0970 1442 5059
4001 0921 6160 4739
4001 0996 3170 4171
4001 0964 8136 9063
4001 0987 9192 0437
4001 0929 4144 2459
4001 0994 2580 3619
4001 0967 7789 2901
4001 0916 5595 5276
4001 0976 6875 1099
4001 0995 5992 8208
4001 0941 1106 0293
4001 0970 2571 4269
4001 0934 8341 7453
4001 0974 5064 2662
4001 0940 1024 9104
4001 0945 0585 9250
4001 0905 0664 3693
4001 0973 2566 2473
4001 0987 8616 5642
4001 0993 8953 8474
4001 0932 4307 6953
4001 0948 7263 0870
4001 0910 1330 0769
4001 0940 6836 6693
4001 0986 0750 0340
4001 0945 3668 0378
4001 0956 3780 1805
4001 0961 5145 4005
4001 0963 6872 2525
4001 0903 1619 2220
4001 0917 1434 5394
4001 0979 2626 2657
4001 0907 0767 7730
4001 0905 6378 6211
4001 0923 3053 0880
4001 0996 3710 8575
4001 0994 8157 8733
4001 0992 7876 6715
4001 0900 7710 6344
4001 0968 8561 1128
4001 0973 1929 1123
4001 0971 7112 8124
4001 0965 8609 0747
4001 0902 7376 1462
4001 0942 4424 5498
4001 0926 1399 5917
4001 0974 2459 2340
4001 0937 0980 5515
4001 0963 2532 8945
4001 0945 3784 3660
4001 0991 6638 5032
4001 0932 5745 7420
4001 0978 9951 1460
4001 0945 0502 8153
4001 0979 9891 4995
4001 0990 6977 4639
4001 0990 3364 9305
4001 0958 2374 2151
4001 0922 9598 2571
4001 0925 3153 6884
4001 0905 5016 7904
4001 0955 3520 2726
4001 0987 1964 9670
4001 0974 8587 4512
4001 0906 4427 8204
4001 0983 5374 9513
4001 0987 1857 2022
4001 0959 1459 8314
4001 0924 8348 9850
4001 0954 8086 0080
4001 0921 3510 8320
4001 0985 7642 1627
4001 0933 9793 3769
4001 0975 3980 9779
4001 0957 6881 6341
4001 0910 9894 1560
4001 0982 2963 4964
4001 0937 1787 1038
4001 0975 8724 3970
4001 0963 7712 9589
4001 0913 3875 0987
4001 0920 0127 0022
4001 0987 0031 7535
4001 0984 4484 0073
4001 0998 0843 3380
4001 0903 2915 6337
4001 0911 8760 4020
4001 0918 0086 1304
4001 0998 8880 4831
4001 0974 5250 2401
4001 0964 8581 7240
4001 0922 5641 9381
4001 0946 8124 3642
4001 0932 8413 6500
4001 0951 5119 8968
4001 0997 8177 7050
4001 0941 8815 6529
4001 0985 5159 1444
4001 0936 8473 0118
4001 0982 3556 0690
4001 0956 3349 5586
4001 0965 7142 7441
4001 0940 3199 8994
4001 0971 6656 7104
4001 0935 6497 0370
4001 0984 8156 1178
4001 0946 1763 6539
4001 0923 7388 5167
4001 0981 0505 9930
4001 0965 2187 1300
4001 0997 2402 1301
4001 0906 1299 4535
4001 0941 1219 2624
4001 0910 2717 5108
4001 0975 0140 0235
4001 0977 6656 1945
4001 0977 4556 4671
4001 0999 9124 2606
4001 0946 9530 8944
4001 0938 1627 7368
4001 0913 4097 5549
4001 0974 1582 2250
4001 0939 5201 2710
4001 0924 4798 5282
4001 0941 4627 6369
4001 0965 0477 2806
4001 0961 0847 8750
4001 0982 8810 2325
4001 0967 8782 4845
4001 0950 7502 4993
4001 0947 9847 3355
4001 0932 2227 3357
4001 0971 7209 1495
4001 0950 0620 2023
4001 0951 6760 4363
4001 0998 4655 2324
4001 0926 4149 8710
4001 0952 0018 6436
4001 0944 0619 3437
4001 0930 6476 2442
4001 0960 4907 4940
4001 0983 3306 3100
4001 0984 2593 2071
4001 0915 0672 7429
4001 0910 5995 8132
4001 0920 8946 4018
4001 0956 8873 4749
4001 0971 2473 9274
4001 0921 4060 8728
4001 0933 1155 3198
4001 0964 8295 9425
4001 0913 0114 7989
4001 0970 5997 5893
4001 0994 2151 6223
4001 0981 8212 2973
4001 0920 9553 2030
4001 0946 5159 9882
4001 0923 1949 4017
4001 0967 7493 1462
4001 0999 5195 1485
4001 0976 8719 4628
4001 0916 6722 8936
4001 0956 1050 6033
4001 0917 2338 0515
4001 0985 5261 2389
4001 0963 5932 9645
4001 0984 9815 5451
4001 0924 8523 0534
4001 0983 4722 7063
4001 0937 6883 8944
4001 0955 9881 7592
4001 0901 4448 4393
4001 0972 5118 8907
4001 0972 8384 0335
4001 0908 8820 6200
4001 0998 9215 9222
4001 0924 8332 8280
4001 0927 7704 3108
4001 0940 8028 9576
4001 0985 4565 2260
4001 0976 2473 6093
4001 0919 6977 3290
4001 0979 5960 9014
4001 0937 1030 0944
4001 0997 4831 8246
4001 0987 2934 2803
4001 0902 5602 4615
4001 0966 3709 5398
4001 0936 5388 6735
4001 0968 9346 4817
4001 0922 4498 2466
4001 0909 0233 6496
4001 0926 0827 7628
4001 0928 8444 1211
4001 0900 6599 7340
4001 0909 4122 0198
4001 0945 3884 9716
4001 0935 9006 6276
4001 0951 2530 1540
4001 0964 4167 2515
4001 0972 8263 7898
4001 0958 1990 7941
4001 0941 6097 9427
4001 0984 4803 1356
4001 0948 8471 8358
4001 0961 0791 4946
4001 0981 7458 2820
4001 0941 4278 6700
4001 0946 8473 5487
4001 0909 3611 9231
4001 0930 5245 7666
4001 0927 8865 1733
4001 0921 6961 5539
4001 0956 9555 3116
4001 0993 5287 0714
4001 0974 9609 7970
4001 0997 7332 8581
4001 0959 3183 7083
4001 0976 8767 5659
4001 0918 7349 7473
4001 0945 4767 8270
4001 0983 8982 5246
4001 0945 3930 5601
4001 0918 0754 6536
4001 0953 6614 0417
4001 0983 4138 5669
4001 0997 4996 0160
4001 0909 1799 0550
4001 0945 6277 8476
4001 0900 2649 7091
4001 0923 9221 4605
4001 0953 7360 4520
4001 0908 4964 5223
4001 0992 1696 8753
4001 0928 8315 7677
4001 0910 9803 0257
4001 0929 0060 5195
4001 0924 5970 2138
4001 0997 1991 8149
4001 0985 6790 7121
4001 0976 4059 0227
4001 0901 1906 8833
4001 0913 6782 5213
4001 0957 8553 4349
4001 0975 3753 1508
4001 0951 8148 7902
4001 0970 1489 1607
4001 0930 9355 7425
4001 0969 1231 1791
4001 0991 7739 1938
4001 0985 4830 3036
4001 0973 7395 9680
4001 0974 0773 0529
4001 0970 3157 1851
4001 0950 4604 8402
4001 0919 6254 0944
4001 0989 6595 9963
4001 0911 9466 1674
4001 0990 8334 9483
4001 0950 1923 0003
4001 0902 1416 1764
4001 0951 3182 6118
4001 0943 4848 9166
4001 0997 7297 4021
4001 0995 4047 7679
4001 0989 8317 9685
4001 0993 7974 5584
4001 0907 4797 9104
4001 0935 8332 7917
4001 0980 8106 6792
4001 0955 9038 2819
4001 0958 9238 4661
4001 0993 7881 5834
4001 0917 3880 8336
4001 0903 3488 1622
4001 0977 3213 6533
4001 0986 0404 7261
4001 0940 3538 1213
4001 0951 7838 0631
4001 0944 4063 8983
4001 0982 1176 4480
4001 0956 6949 3943
4001 0910 8845 5175
4001 0970 4295 0565
4001 0962 7158 6090
4001 0956 4732 3717
4001 0900 5240 3591
4001 0913 0615 8007
4001 0965 8825 8557
4001 0903 9921 5443
4001 0960 6179 6032
4001 0916 7235 1947
4001 0990 0840 2748
4001 0997 0407 3223
4001 0997 3582 0337
4001 0988 1876 3596
4001 0988 7937 1099
4001 0936 9121 5194
4001 0986 5170 2859
4001 0947 0407 7142
4001 0933 6176 2673
4001 0938 9956 1811
4001 0993 5437 1885
4001 0936 3752 9427
4001 0928 1654 5451
4001 0968 9988 2160
4001 0930 6211 9330
4001 0984 9424 4812
4001 0955 0691 4887
4001 0976 4199 1499
4001 0930 9181 7490
4001 0929 9479 7627
4001 0945 5621 8208
4001 0988 2049 7068
4001 0955 8879 9396
4001 0988 5579 2235
4001 0935 1102 5484
4001 0978 1880 7502
4001 0915 6312 7448
4001 0997 5537 2573
4001 0958 2861 0262
4001 0952 3494 1483
4001 0949 4764 0854
4001 0979 3237 3829
4001 0950 0021 1442
4001 0942 4993 2934
4001 0992 6119 8892
4001 0954 1414 0310
4001 0987 0024 6445
4001 0958 7952 7159
4001 0928 5866 6728
4001 0957 4751 5832
4001 0902 6027 5229
4001 0950 9912 9091
4001 0918 3660 4991
4001 0958 9574 9142
4001 0990 5304 5400
4001 0985 5758 2371
4001 0992 7583 6503
4001 0961 4601 4948
4001 0990 2161 2349
4001 0938 7832 7622
4001 0962 8298 7758
4001 0903 2368 3724
4001 0932 4998 7583
4001 0936 8831 0545
4001 0950 6577 1835
4001 0961 0113 9862
4001 0998 0548 1184
4001 0908 4213 4456
4001 0941 3280 6831
4001 0963 7690 3299
4001 0998 7966 2289
4001 0930 1441 7113
4001 0957 1191 6255
4001 0962 2083 0615
4001 0923 2609 8223
4001 0973 1427 5295
4001 0908 5306 3164
4001 0988 6471 7199
4001 0965 3587 3219
4001 0923 6890 5699
4001 0939 4544 5993
4001 0975 3316 8321
4001 0947 9064 5265
4001 0910 9916 7918
4001 0905 0919 8828
4001 0938 6258 1333
4001 0994 9150 1618
4001 0908 3244 8312
4001 0983 7438 9026
4001 0929 8868 7032
4001 0934 6738 8324
4001 0956 4906 0556
4001 0974 5992 2297
4001 0980 4736 7177
4001 0940 7467 6705
4001 0960 3740 4828
4001 0999 6051 4357
4001 0931 5866 6921
4001 0963 8800 9895
4001 0911 7248 6920
4001 0988 1408 6810
4001 0925 0206 5442
4001 0922 6259 1876
4001 0943 1725 9640
4001 0987 1385 5182
4001 0981 6714 1535
4001 0953 4263 7734
4001 0921 4463 8374
4001 0971 6078 7260
4001 0987 9391 6730
4001 0961 6803 8304
4001 0947 3221 5243
4001 0974 2947 9709
4001 0925 1120 5518
4001 0955 6276 8177
4001 0997 9948 4228
4001 0914 4824 7981
4001 0950 4780 4431
4001 0949 6506 2510
4001 0960 5463 0735
4001 0952 7126 0326
4001 0927 2745 7135
4001 0951 6144 7678
4001 0917 1676 8593
4001 0945 7977 0441
4001 0936 5127 8877
4001 0953 8773 6045
4001 0967 1881 8957
4001 0924 5791 2432
4001 0966 7659 1216
4001 0923 8111 2034
4001 0994 9868 7444
4001 0986 7989 4969
4001 0911 7224 1473
4001 0912 0597 3852
4001 0948 7127 1775
4001 0911 8029 1627
4001 0966 6945 5007
4001 0947 1140 8538
4001 0918 3766 2329
4001 0937 5949 1992
4001 0987 3458 6907
4001 0986 3435 9439
4001 0973 0919 2653
4001 0979 7931 5113
4001 0900 9367 3079
4001 0957 8634 7907
4001 0924 6744 7650
4001 0961 1586 3804
4001 0937 7729 5342
4001 0940 1960 7070
4001 0936 3668 3092
4001 0937 2227 9953
4001 0940 0297 7175
4001 0930 7984 9465
4001 0974 9126 8071
4001 0922 7615 8100
4001 0956 4030 5638
4001 0949 7104 7422
4001 0990 3827 8522
4001 0993 9383 9413
4001 0904 9945 7622
4001 0962 5474 6570
4001 0975 5049 2638
4001 0979 6311 7038
4001 0991 1477 4402
4001 0910 7867 1559
4001 0948 4301 3685
4001 0984 3346 4414
4001 0903 1308 9080
4001 0985 3939 9548
4001 0970 7172 3644
4001 0984 8117 7819
4001 0986 3947 3813
4001 0949 9108 7770
4001 0992 9320 1748
4001 0908 3493 4483
4001 0945 0916 5423
4001 0934 1914 1052
4001 0963 8310 9906
4001 0903 6909 0644
4001 0911 8492 0304
4001 0999 4703 2119
4001 0950 3256 3463
4001 0949 1265 1076
4001 0907 3826 7964
4001 0946 2884 9246
4001 0967 1566 3844
4001 0989 7848 0825
4001 0942 9701 5194
4001 0957 2061 6664
4001 0931 3576 9780
4001 0992 8259 1828
4001 0956 9738 1995
4001 0967 4084 2751
4001 0929 7970 4945
4001 0921 0199 1493
4001 0927 1414 7954
4001 0914 9338 2030
4001 0955 6088 8910
4001 0912 6969 9666
4001 0907 8039 6315
4001 0936 9483 9354
4001 0957 4564 5482
4001 0943 5622 9108
4001 0946 3561 2769
4001 0926 6647 7169
4001 0911 8800 6662
4001 0952 4131 4831
4001 0960 5695 7615
4001 0942 7625 2800
4001 0961 0007 8178
4001 0983 0268 8036
4001 0937 9993 9752
4001 0903 4122 3172
4001 0998 1917 4635
4001 0962 9210 0103
4001 0989 5380 0625
4001 0907 9593 0413
4001 0921 3640 1971
4001 0929 5422 1816
4001 0904 7816 5006
4001 0941 1581 7466
4001 0991 7597 9106
4001 0921 9041 7152
4001 0982 5468 4322
4001 0911 3190 3049
4001 0980 6144 7921
4001 0938 3026 6967
4001 0969 0023 3429
4001 0928 9526 0378
4001 0978 0444 2298
4001 0916 0230 9460
4001 0983 0359 4324
4001 0976 6690 1522
4001 0998 1345 6277
4001 0934 2274 6186
4001 0990 0605 6231
4001 0904 6427 2899
4001 0975 9438 0195
4001 0969 6594 7897
4001 0977 5524 0162
4001 0986 4123 3734
4001 0937 2536 5593
4001 0907 9390 7942
4001 0951 5106 0150
4001 0903 9849 1219
4001 0930 6536 7274
4001 0989 9094 8973
4001 0903 9961 1823
4001 0974 9692 2813
4001 0929 4470 8690
4001 0963 7374 5479
4001 0943 3332 2836
4001 0953 0599 5400
4001 0987 1133 5112
4001 0902 9861 8473
4001 0970 6692 3993
4001 0991 2515 3026
4001 0969 2601 8101
4001 0967 4618 7417
4001 0955 6009 1796
4001 0959 0692 6549
4001 0924 7988 8909
4001 0992 3104 1925
4001 0983 1098 3932
4001 0910 0322 8806
4001 0917 8939 2149
4001 0928 0618 8130
4001 0940 8142 8405
4001 0949 4148 7682
4001 0902 6317 3082
4001 0952 7466 1652
4001 0990 7346 9457
4001 0976 0814 3753
4001 0974 3796 8586
4001 0908 9231 7654
4001 0983 7809 2782
4001 0912 4882 7057
4001 0943 4244 0694
4001 0934 0467 0735
4001 0949 2524 3069
4001 0981 3146 5242
4001 0977 0004 6888
4001 0971 8249 4119
4001 0964 2866 8965
4001 0961 9866 9235
4001 0963 4770 9163
4001 0946 6186 6966
4001 0982 6919 6882
4001 0946 6656 3634
4001 0921 1304 7375
4001 0968 0391 6047
4001 0983 7650 0596
4001 0953 5583 6165
4001 0930 7833 8841
4001 0986 7953 3922
4001 0939 6976 2513
4001 0939 0145 8493
4001 0940 1827 9749
4001 0994 8634 9577
4001 0970 3791 7496
4001 0986 7585 8950
4001 0900 1660 1538
4001 0961 7790 7101
4001 0959 4414 3222
4001 0944 9487 8055
4001 0944 2291 1770
4001 0914 2495 6928
4001 0982 4931 9620
4001 0959 0656 8192
4001 0991 1357 5768
4001 0949 3104 0418
4001 0931 7672 9552
4001 0919 5150 4661
4001 0969 3406 5714
4001 0938 7653 3650
4001 0979 9501 0961
4001 0976 8265 7868
4001 0993 8779 1570
4001 0933 2960 1534
4001 0919 2750 8739
4001 0934 8577 0867
4001 0926 9067 8014
4001 0921 0405 7060
4001 0978 2406 2910
4001 0993 0040 3642
4001 0904 0979 3439
4001 0927 1728 5777
4001 0919 1109 5743
4001 0998 1278 3333
4001 0900 8950 3280
4001 0984 9769 0284
4001 0911 8654 8459
4001 0929 7769 3710
4001 0932 2415 4472
4001 0945 0558 8644
4001 0913 9006 5704
4001 0935 5053 3513
4001 0999 6006 5236
4001 0927 6828 0685
4001 0964 3525 1797
4001 0923 0571 9179
4001 0944 5872 4915
4001 0947 6721 4079
4001 0930 5523 8311
4001 0974 0574 6485
4001 0988 5684 8770
4001 0948 2109 0267
4001 0940 6456 9092
4001 0944 1609 8493
4001 0963 2906 5956
4001 0954 1163 3408
4001 0980 9191 3363
4001 0908 3079 0319
4001 0917 2757 5078
4001 0946 3370 3107
4001 0957 5064 8553
4001 0986 3206 3181
4001 0942 0291 8284
4001 0971 1043 9905
4001 0996 3324 1792
4001 0980 9075 6714
4001 0943 9482 1437
4001 0948 9261 1447
4001 0926 6361 0606
4001 0982 7873 9482
4001 0971 6102 4135
4001 0978 8187 0833
4001 0979 2572 2370
4001 0944 8000 3650
4001 0926 4633 9851
4001 0921 6066 0823
4001 0967 9081 0443
4001 0907 8902 6533
4001 0928 4111 1055
4001 0950 7342 5994
4001 0953 7213 5237
4001 0981 1157 2629
4001 0919 0166 9598
4001 0945 1939 1035
4001 0974 4570 6747
4001 0966 4516 5282
4001 0934 1272 5901
4001 0914 9771 3354
4001 0910 6282 6409
4001 0984 6494 9705
4001 0968 0987 6740
4001 0919 8569 0841
4001 0939 5852 2084
4001 0962 0169 9005
4001 0948 3550 1358
4001 0961 7203 1253
4001 0981 2186 3208
4001 0901 8654 2918
4001 0934 9123 7398
4001 0940 6887 7509
4001 0901 8774 1907
4001 0955 3226 7904
4001 0967 1954 5211
4001 0976 0668 1887
4001 0987 4170 5789
4001 0920 6128 4178
4001 0964 0121 6527
4001 0984 5376 5955
4001 0936 7139 9059
4001 0967 2851 5957
4001 0978 2368 4714
4001 0911 7845 9251
4001 0901 4878 6157
4001 0943 8011 3880
4001 0981 1553 4161
4001 0905 9057 1685
4001 0901 6624 4071
4001 0948 9303 8723
4001 0916 9537 9172
4001 0961 8620 5281
4001 0964 2523 1478
4001 0979 7724 0362
4001 0976 4747 5430
4001 0944 6323 0890
4001 0938 1760 6581
4001 0951 9344 0030
4001 0970 3154 3108
4001 0941 0095 7376
4001 0964 1642 6566
4001 0994 6471 0790
4001 0982 5040 0533
4001 0908 7429 1711
4001 0978 5630 8652
4001 0909 6239 2686
4001 0939 9140 1965
4001 0912 1198 7847
4001 0967 5274 0844
4001 0936 6752 0080
4001 0902 9647 7427
4001 0906 1908 8828
4001 0913 3983 0036
4001 0990 6062 1029
4001 0900 7840 9598
4001 0993 6904 9138
4001 0962 6921 2147
4001 0945 3495 5962
4001 0938 8306 0192
4001 0921 6759 9941
4001 0957 1761 2338
4001 0913 4558 9378
4001 0973 3258 3381
4001 0905 4660 7427
4001 0901 5696 9000
4001 0935 2058 0735
4001 0980 4766 2304
4001 0997 4202 0160
4001 0996 6858 3035
4001 0907 6943 2354
4001 0900 2935 2673
4001 0994 2465 1886
4001 0991 3187 3617
4001 0909 3873 2585
4001 0903 9301 2002
4001 0939 3617 4255
4001 0932 7509 1417
4001 0936 7629 8462
4001 0912 2985 8824
4001 0911 1558 3924
4001 0924 3636 4895
4001 0992 3688 4758
4001 0934 5537 0581
4001 0944 6572 1078
4001 0912 8610 0011
4001 0990 2563 9975
4001 0956 6805 7483
4001 0960 4356 9598
4001 0918 0069 6700
4001 0940 3579 4332
4001 0974 4908 5056
4001 0931 2835 3709
4001 0986 0486 1919
4001 0918 6987 5054
4001 0900 4192 0762
4001 0987 5245 6892
4001 0970 6919 1168
4001 0913 2399 8450
4001 0905 7530 9895
4001 0971 3507 2236
4001 0956 3861 2318
4001 0914 5671 8121
4001 0985 7119 4336
4001 0906 9356 9016
4001 0990 7098 6123
4001 0970 5808 5629
4001 0938 2756 2873
4001 0910 1106 4748
4001 0929 0935 4209
4001 0984 2270 3681
4001 0912 4983 5646
4001 0921 6040 3505
4001 0996 7776 1440
4001 0936 6837 1061
4001 0941 1062 7886
4001 0994 8149 0848
4001 0954 7640 5924
4001 0947 8606 1295
4001 0914 1015 4470
4001 0989 0754 5557
4001 0955 7224 3542
4001 0919 3976 5392
4001 0967 4147 3440
4001 0966 6919 1248
4001 0971 0585 7780
4001 0944 8921 3292
4001 0954 7439 6448
4001 0971 3122 9772
4001 0966 5324 9739
4001 0998 6081 1655
4001 0955 4346 9325
4001 0940 3190 5759
4001 0913 2774 3308
4001 0901 4272 3834
4001 0988 0767 0141
4001 0943 2964 9176
4001 0947 2864 8258
4001 0910 6607 4618
4001 0966 6737 3962
4001 0931 3130 0846
4001 0981 7885 4068
4001 0922 6819 1291
4001 0998 9354 8688
4001 0953 7511 5947
4001 0937 4308 8169
4001 0912 5505 4793
4001 0926 3114 1668
4001 0903 8817 4502
4001 0904 7089 8018
4001 0912 1430 4966
4001 0991 6306 8938
4001 0949 6648 0430
4001 0907 8748 0682
4001 0931 2475 9800
4001 0993 6451 4391
4001 0902 6658 9938
4001 0961 0084 9750
4001 0958 3131 4530
4001 0995 3492 7747
4001 0952 6869 4818
4001 0946 3971 0312
4001 0956 6310 7077
4001 0900 3773 4995
4001 0990 8387 3474
4001 0942 6143 8968
4001 0920 5643 4044
4001 0942 5191 6114
4001 0935 4308 0622
4001 0991 8070 5678
4001 0940 6890 9963
4001 0974 5195 3951
4001 0905 1534 7088
4001 0906 2290 2213
4001 0996 2482 6890
4001 0909 5424 3111
4001 0963 0973 6725
4001 0900 8640 1348
4001 0989 8920 9569
4001 0949 6852 6859
4001 0952 7710 8743
4001 0928 3792 4768
4001 0948 8792 5646
4001 0968 1569 9110
4001 0999 4267 8312
4001 0994 4273 8194
4001 0980 7612 2097
4001 0912 6469 1288
4001 0974 0868 9906
4001 0928 3007 9149
4001 0990 7373 9537
4001 0977 0028 5858
4001 0946 8491 1187
